[gd_scene load_steps=7 format=3 uid="uid://ccvdbxoquxjlw"]

[ext_resource type="PackedScene" uid="uid://d3s7pdiwsge2y" path="res://Models/props/crates_stacked.glb" id="1_sp6va"]

[sub_resource type="BoxShape3D" id="BoxShape3D_sida3"]
size = Vector3(0.90000004, 1, 1)

[sub_resource type="BoxShape3D" id="BoxShape3D_5vuh1"]
size = Vector3(1.4, 0.5, 0.90000004)

[sub_resource type="BoxShape3D" id="BoxShape3D_dqk8q"]
size = Vector3(1.4, 0.5, 0.90000004)

[sub_resource type="BoxShape3D" id="BoxShape3D_lglpq"]
size = Vector3(1.4, 0.5, 0.90000004)

[sub_resource type="CapsuleShape3D" id="CapsuleShape3D_oyvd0"]
radius = 0.3
height = 0.875

[node name="crates_stacked" type="StaticBody3D"]

[node name="crates_stacked2" parent="." instance=ExtResource("1_sp6va")]

[node name="CollisionShape3D" type="CollisionShape3D" parent="."]
transform = Transform3D(0.99254614, 0, 0.12186935, 0, 1, 0, -0.12186935, 0, 0.99254614, 0.44962728, 0.5, 0.49390653)
shape = SubResource("BoxShape3D_sida3")

[node name="CollisionShape3D2" type="CollisionShape3D" parent="."]
transform = Transform3D(0.95105666, 0, -0.30901703, 0, 1, 0, 0.30901703, 0, 0.95105666, -0.18989432, 1.55, -0.40909827)
shape = SubResource("BoxShape3D_5vuh1")

[node name="CollisionShape3D3" type="CollisionShape3D" parent="."]
transform = Transform3D(0.8829478, 0, 0.4694717, 0, 1, 0, -0.4694717, 0, 0.8829478, -0.18989432, 0.9499999, -0.40909827)
shape = SubResource("BoxShape3D_dqk8q")

[node name="CollisionShape3D4" type="CollisionShape3D" parent="."]
transform = Transform3D(0.9902683, 0, 0.13917315, 0, 1, 0, -0.13917315, 0, 0.9902683, -0.18989432, 0.3499999, -0.40909827)
shape = SubResource("BoxShape3D_lglpq")

[node name="CollisionShape3D5" type="CollisionShape3D" parent="."]
transform = Transform3D(1, 0, 0, 0, 1, 0, 0, 0, 1, -0.4, 0.33749998, 0.49999997)
shape = SubResource("CapsuleShape3D_oyvd0")
